0	0	1	0	0	0	1	0	0	0	1	0	0	0	1	0	
2	2	2	2	2	2	2	2	2	2	2	2	2	2	2	2	
3	3	3	3	3	3	3	3	3	3	3	3	3	3	3	3	
3	3	3	3	3	4	3	3	3	3	3	3	3	3	3	3	
3	3	3	3	3	5	3	3	3	3	3	3	3	3	3	3	
3	3	3	4	4	4	3	3	3	3	3	4	3	3	3	3	
3	3	3	6	7	7	3	3	3	3	3	5	3	3	3	3	
3	4	3	3	3	3	3	3	3	3	3	3	3	3	3	3	
3	5	3	3	3	3	3	3	3	3	3	3	3	3	3	3	
3	3	3	3	3	3	3	3	8	9	10	3	3	3	3	3	
3	3	3	3	3	3	3	3	3	11	12	3	3	3	3	3	
13	13	13	13	13	13	13	13	13	14	15	13	13	13	13	13	
16	16	16	16	16	16	16	16	16	17	18	16	16	16	16	16	
19	19	19	19	19	19	19	19	19	19	19	19	19	19	19	19

